  sample_times = samples.csv
        lamdba = 170
         kappa = 0.0000008
             d = 0.017
         delta = .31
            pi = 730
             c = 3
           eta = 0.00116
         alpha = .000057
         gamma = .95
         sigma = .00052
           tau = 0.00011
        volume = .10
	  seed = 1
